5, 5
89, 98
206, 190
276, 291
391, 384
485, 491
598, 593
697, 693
785, 787
880, 903
1045, 998
1069, 1110
1217, 1202
1320, 1312
1400, 1401
1484, 1499
1615, 1598
1697, 1702
1796, 1789
1875, 1884
1982, 1981
2086, 2096
2220, 2200
2294, 2300
2388, 2397
2509, 2490
2575, 2596
2706, 2695
2804, 2805
2907, 2902
2995, 2998
3094, 3094
3193, 3188
3277, 3284
3383, 3388
3504, 3492
3591, 3596
3694, 3686
3774, 3793
3911, 3898
4011, 4002
4085, 4101
4208, 4191
4282, 4289
4378, 4385
4497, 4487
4588, 4591
4690, 4686
4780, 4787
4892, 4896
5018, 5002
5097, 5097
5178, 5193
5306, 5299
5415, 5410
5510, 5515
5620, 5619
5728, 5718
5808, 5806
5883, 5905
6024, 5996
6081, 6101
6198, 6196
6309, 6305
6408, 6413
6524, 6516
6616, 6603
6669, 6684
6768, 6768
6869, 6875
6988, 6983
7094, 7103
7229, 7204
7289, 7305
7397, 7390
7484, 7502
7626, 7606
7708, 7723
7835, 7808
7881, 7899
7983, 7998
8132, 8105
8200, 8212
8305, 8301
8400, 8402
8503, 8492
8575, 8597
8714, 8702
8819, 8808
8893, 8901
8992, 8996
9104, 9101
9208, 9198
9282, 9296
9398, 9389
9488, 9492
9591, 9579
9658, 9681
9795, 9781
9892, 9894
9996, 9995
10099, 10098
10200, 10190
10273, 10292
10403, 10396
10514, 10510
10615, 10613
10712, 10716
10823, 10802
10872, 10890
10977, 10981
11096, 11088
11192, 11198
11308, 11296
11389, 11399
11501, 11490
11580, 11593
11700, 11688
11786, 11798
11909, 11898
12001, 12009
12118, 12110
12212, 12211
12303, 12298
12379, 12390
12489, 12496
12621, 12599
12688, 12706
12811, 12803
12911, 12905
12994, 13006
13114, 13105
13209, 13201
13281, 13299
13407, 13404
13525, 13507
13590, 13609
13713, 13704
13811, 13815
13922, 13911
14000, 14010
14108, 14106
14211, 14205
14297, 14298
14388, 14384
14469, 14478
14578, 14581
14697, 14694
14808, 14800
14896, 14896
14985, 14992
15095, 15090
15191, 15205
15330, 15307
15400, 15404
15483, 15500
15618, 15591
15672, 15699
15809, 15793
15900, 15899
15990, 16006
16129, 16110
16213, 16222
16324, 16309
16390, 16403
16495, 16492
16591, 16600
16716, 16696
16781, 16804
16915, 16903
17013, 17000
17073, 17102
17222, 17202
17312, 17308
17391, 17406
17516, 17497
17585, 17605
17716, 17698
17794, 17809
17917, 17906
18007, 18010
18106, 18112
18223, 18206
18290, 18305
18402, 18399
18505, 18502
18600, 18597
18688, 18701
18816, 18798
18891, 18906
19012, 19000
19097, 19104
19204, 19201
19304, 19310
19423, 19402
19479, 19503
19607, 19599
19712, 19699
19780, 19798
19904, 19888
19982, 19994
20096, 20096
20212, 20197
20284, 20304
20417, 20399
20497, 20501
20591, 20588
20676, 20696
20821, 20800
20905, 20915
21019, 21011
21109, 21104
21184, 21190
21278, 21288
21403, 21385
21474, 21487
21586, 21594
21724, 21697
21781, 21791
21870, 21879
21988, 21991
22116, 22104
22209, 22214
22318, 22313
22414, 22411
22501, 22510
22615, 22597
22675, 22689
22778, 22781
22891, 22885
22987, 22987
23112, 23112
